49,35
3,2
3,1
3,3
10,127
10,83
10,157
10,101
10,245
10,23
10,139
10,267
10,2
10,3
11,23
11,9
11,11
11,5
11,2
11,3
9,5
9,1
9,7
9,2
9,3
8,6
8,11
8,15
8,18
8,14
8,10
8,1
8,9
8,2
8,3
0,319
12,2
12,1
12,3
20,2
20,1
20,3
19,2
19,1
19,3
18,1
18,3
14,4
14,3
13,1
13,3
2,2
2,1
2,3
36,9
36,8
36,7
36,6
36,5
36,4
36,3
36,2
36,1
35,5
35,4
35,3
35,2
35,1
34,96
34,95
34,94
34,93
34,92
34,91
34,90
34,89
34,88
34,87
34,86
34,85
34,84
34,83
34,82
34,81
34,80
34,79
34,78
34,77
34,76
34,75
34,74
34,73
34,72
34,71
34,70
34,69
34,68
34,67
34,66
34,65
34,64
34,36
34,35
34,34
34,33
34,32
34,31
34,30
34,29
34,28
34,27
34,26
34,25
34,24
34,23
34,22
34,21
34,20
34,19
34,4
34,3
34,2
34,1
34,0
32,5
32,4
